24 24 6 2

0  0  0  0  0  0  0  0  0  0  0  0  0  0  0  0  0  0  0  0  0  0  0  0  
0  0  0  0  0  0  0  0  0  0  0  0  0  0  0  0  0  0  0  0  0  0  0  0  
0  0  0  0  0  0  0  0  0  0  0  0  0  0  0  0  0  0  0  0  0  0  0  0  
0  0  0  0  0  0  0  0  0  0  0  0  0  0  0  0  0  0  0  0  0  0  0  0  
0  0  0  0  0  0  0  0  0  0  0  0  0  0  0  0  0  0  0  0  0  0  0  0  
0  0  0  0  0  0  0  0  0  0  0  0  0  0  0  0  0  0  0  0  0  0  0  0  
0  0  0  0  0  0  0  0  0  0  0  0  0  0  0  16 0  0  0  0  0  0  0  0  
0  0  0  0  0  0  0  0  0  0  0  0  0  0  0  0  0  0  0  0  0  0  0  0  

0  0  0  0  0  0  0  0  0  0  0  0  0  0  0  0  0  0  0  0  0  0  0  0  
0  0  0  0  0  0  0  0  0  0  0  0  0  0  0  0  0  0  0  0  0  0  0  0  
0  0  0  0  0  0  0  0  0  0  0  0  0  0  0  0  0  14 16 0  0  0  0  0  
0  0  0  0  0  0  0  0  0  0  0  0  0  0  0  0  0  0  0  0  0  0  0  0  
0  0  0  0  0  0  0  0  0  0  0  0  0  0  0  0  0  0  0  0  0  0  0  0  
0  0  0  0  0  0  0  0  0  0  0  0  0  0  0  0  0  0  0  14 0  0  0  0  
0  0  0  0  0  0  0  0  0  0  0  0  0  0  0  0  0  0  0  0  14 0  0  0  
0  0  0  0  0  0  0  0  0  0  0  0  0  0  0  0  0  0  0  0  0  14 15 15 

0  14 15 15 15 0  0  0  0  0  0  0  0  0  15 15 16 0  0  0  0  0  0  0  
0  0  0  0  0  0  0  0  0  0  0  0  0  16 0  0  0  0  0  0  0  0  0  0  
0  0  0  0  0  0  0  0  0  0  0  0  0  0  0  0  0  0  0  0  0  0  0  0  
0  0  0  0  0  14 15 0  0  0  0  0  16 0  0  0  0  0  0  0  0  0  0  0  
0  0  0  0  0  0  0  14 0  0  0  0  0  0  0  0  0  0  0  0  14 16 0  0  
0  0  0  0  0  0  0  0  0  0  0  0  0  0  0  0  0  0  0  0  0  0  0  0  
0  0  0  0  0  0  0  0  0  0  0  0  0  0  0  0  0  0  0  16 0  0  0  0  
0  0  0  0  0  0  0  0  14 15 0  0  0  0  0  0  0  14 16 0  0  0  0  0  






0  0  0  0  0  0  0  0  0  0  0  0  0  0  0  0  0  0  0  0  0  0  0  0  
0  0  0  0  0  0  0  0  0  0  0  0  0  0  0  0  0  0  0  0  0  0  0  0  
0  0  0  0  0  0  0  0  0  0  0  0  0  0  0  0  0  0  0  0  0  0  0  0  
0  0  0  0  0  0  0  0  0  0  0  0  0  0  0  0  0  0  0  0  0  0  0  0  
0  0  0  0  0  0  0  0  0  0  0  0  0  0  0  0  0  0  0  0  0  0  0  0  
0  0  0  0  0  0  0  0  0  0  0  0  0  0  0  16 0  0  0  0  0  0  0  0  
0  0  0  0  0  0  0  0  0  0  0  0  0  0  0  0  0  0  0  0  0  0  0  0  
0  0  0  0  0  0  0  0  0  0  0  0  0  0  0  0  0  0  0  0  0  0  0  0  

0  0  0  0  0  0  0  0  0  0  0  0  0  0  0  0  0  0  0  0  0  0  0  0  
0  0  0  0  0  0  0  0  0  0  0  0  0  0  0  0  0  14 16 0  0  0  0  0  
0  0  0  0  0  0  0  0  0  0  0  0  0  0  0  0  0  0  0  0  0  0  0  0  
0  0  0  0  0  0  0  0  0  0  0  0  0  0  0  0  0  0  0  0  0  0  0  0  
0  0  0  0  0  0  0  0  0  0  0  0  0  0  0  0  0  0  0  14 0  0  0  0  
0  0  0  0  0  0  0  0  0  0  0  0  0  0  0  0  0  0  0  0  14 0  0  0  
0  0  0  0  0  0  0  0  0  0  0  0  0  0  0  0  0  0  0  0  0  14 15 15 
0  14 15 15 15 0  0  0  0  0  0  0  0  0  15 15 16 0  0  0  0  0  0  0  

0  0  0  0  0  0  0  0  0  0  0  0  0  16 0  0  0  0  0  0  0  0  0  0  
0  0  0  0  0  0  0  0  0  0  0  0  0  0  0  0  0  0  0  0  0  0  0  0  
0  0  0  0  0  14 15 0  0  0  0  0  16 0  0  0  0  0  0  0  0  0  0  0  
0  0  0  0  0  0  0  14 0  0  0  0  0  0  0  0  0  0  0  0  14 16 0  0  
0  0  0  0  0  0  0  0  0  0  0  0  0  0  0  0  0  0  0  0  0  0  0  0  
0  0  0  0  0  0  0  0  0  0  0  0  0  0  0  0  0  0  0  16 0  0  0  0  
0  0  0  0  0  0  0  0  14 15 0  0  0  0  0  0  0  14 16 0  0  0  0  0  
0  0  0  0  0  0  0  0  0  0  0  0  0  0  0  0  0  0  0  0  0  0  0  0  




0  0  0  0  0  0  0  0  0  0  0  0  0  0  0  0  0  0  0  0  0  0  0  0  
0  0  0  0  0  0  0  0  0  0  0  0  0  0  0  0  0  0  0  0  0  0  0  0  
0  0  0  0  0  0  0  0  1  2  2  2  3  0  0  0  0  0  0  0  0  0  0  0  
0  0  0  0  0  0  0  1  4  21 22 23 8  21 0  0  0  0  0  0  0  0  0  0  
0  0  0  0  0  0  1  4  7  17 24 24 7  17 18 16 0  0  0  0  0  0  0  0  
0  0  21 24 24 24 23 7  7  7  24 0  23 7  8  0  0  0  0  0  0  0  0  0  
0  0  24 0  0  0  24 23 7  7  17 18 19 7  5  3  0  0  0  0  0  0  0  0  
0  1  24 0  0  0  0  24 22 23 7  7  7  21 23 8  0  0  0  0  0  0  0  0 

0  6  24 0  0  0  0  0  0  25 7  7  7  17 19 8  0  14 16 0  0  0  0  0  
0  6  17 24 0  0  0  0  0  24 23 7  7  7  7  5  3  0  0  0  0  0  0  0  
0  6  7  25 0  0  0  0  0  0  24 22 23 7  7  7  8  0  0  0  0  25 2  2  
0  6  21 24 24 18 18 18 18 24 0  0  25 7  21 23 8  0  0  14 18 19 7  7  
0  6  24 0  25 7  7  7  7  17 18 18 19 7  17 19 8  0  0  0  11 9  7  7  
0  6  17 18 19 7  7  7  7  7  7  7  7  7  7  7  8  0  0  0  0  11 12 12 
0  11 12 12 12 21 22 22 22 23 7  7  7  10 12 12 13 0  0  0  0  0  0  0  
0  0  0  0  0  24 0  0  0  25 7  7  10 13 0  0  0  0  0  0  0  0  0  0 

0  0  0  0  0  24 0  0  0  24 23 7  8  0  0  0  0  0  0  0  1  3  0  0  
0  0  0  0  0  14 15 24 0  0  25 10 13 0  0  0  0  0  0  0  6  8  0  0  
0  0  0  0  0  0  0  14 24 0  25 8  0  0  0  0  0  0  0  0  11 13 0  0  
0  0  0  0  0  0  0  0  17 18 19 8  0  0  0  0  0  1  2  3  0  0  0  0  
0  0  0  0  0  0  0  0  6  7  7  8  0  0  0  0  0  6  10 13 0  0  0  0  
0  0  0  0  0  0  0  0  11 12 9  5  3  0  0  0  0  11 13 0  0  0  0  0  
0  0  0  0  0  0  0  0  0  0  6  7  8  0  0  0  0  0  0  0  0  0  0  0  
0  0  0  0  0  0  0  0  0  0  6  7  5  3  0  0  0  0  0  0  0  0  0  0 





0  0  0  0  0  0  0  0  0  0  0  0  0  0  0  0  0  0  0  0  0  0  0  0  
0  0  0  0  0  0  0  0  0  0  0  0  0  0  0  0  0  0  0  0  0  0  0  0  
0  0  0  0  0  0  0  0  0  1  2  3  0  1  2  3  0  0  0  0  0  0  0  0  
0  0  0  0  0  0  0  0  0  11 9  8  0  11 12 13 0  0  0  0  0  0  0  0  
0  0  1  2  2  2  3  0  0  0  6  5  3  0  0  0  0  0  0  0  0  0  0  0  
0  0  6  7  7  7  5  3  0  0  11 12 13 0  0  0  0  0  0  0  0  0  0  0  
0  0  6  7  7  7  7  5  2  3  0  0  0  1  3  0  0  1  3  0  0  0  0  0  
0  0  6  7  7  7  7  7  7  8  0  0  0  11 13 0  0  11 13 0  0  0  0  0 

0  0  11 9  7  7  7  7  7  5  3  0  0  0  0  0  0  0  0  1  3  0  0  0  
0  0  0  6  7  7  7  7  7  7  5  2  3  0  0  0  0  0  0  6  5  3  0  0  
0  0  1  4  10 12 12 12 12 9  7  7  8  0  1  3  0  0  0  11 12 13 0  0  
0  0  6  7  8  0  0  0  0  11 12 12 13 0  11 13 0  0  0  0  0  0  0  0  
0  0  11 12 13 0  0  0  0  0  0  0  0  0  0  0  0  0  0  0  0  0  0  0  
0  0  0  0  0  1  2  2  2  3  0  0  0  0  0  0  0  0  0  0  0  0  0  0  
0  0  0  0  0  6  7  7  7  8  0  0  0  0  0  0  0  0  0  0  0  0  0  0  
0  0  0  0  0  6  7  7  7  5  3  0  0  0  0  0  0  0  0  0  0  0  0  0 

0  0  0  0  0  11 12 9  7  7  8  0  0  0  0  0  0  0  0  0  0  0  0  0  
0  0  0  0  0  0  0  11 9  7  8  0  0  0  0  0  0  0  0  0  0  0  0  0   
0  0  0  0  0  0  0  0  11 12 13 0  0  0  0  0  0  0  0  0  0  0  0  0  
0  0  0  0  0  0  0  0  0  0  0  0  0  0  0  0  0  0  0  0  0  0  0  0  
0  0  0  0  0  0  0  0  0  0  0  0  0  0  0  0  0  0  0  0  0  0  0  0  
0  0  0  0  0  0  0  0  0  0  0  0  0  0  0  0  0  0  0  0  0  0  0  0  
0  0  0  0  0  0  0  0  0  0  0  0  0  0  0  0  0  0  0  0  0  0  0  0  
0  0  0  0  0  0  0  0  0  0  0  0  0  0  0  0  0  0  0  0  0  0  0  0 





0  0  0  0  0  0  0  0  0  0  0  0  0  0  0  0  0  0  0  0  0  0  0  0  
0  0  0  0  0  0  0  0  0  0  0  0  0  0  0  0  0  0  0  0  0  0  0  0  
0  0  0  0  0  0  0  0  0  0  0  0  0  0  0  0  0  0  0  0  0  0  0  0  
0  0  0  0  0  0  0  0  0  0  0  0  0  0  0  0  0  0  0  0  0  0  0  0  
0  0  0  0  0  0  0  0  0  0  0  0  0  0  0  0  0  0  0  0  0  0  0  0  
0  0  0  0  0  0  0  0  0  0  0  0  0  0  0  0  0  0  0  0  0  0  0  0  
0  0  0  0  0  0  0  0  0  0  0  0  0  0  0  0  0  0  0  0  0  0  0  0  
0  0  0  0  0  0  0  0  0  0  0  0  0  0  0  0  0  0  0  0  0  0  0  0 

0  0  0  0  0  0  0  0  0  0  0  0  0  0  0  0  0  0  0  0  0  0  0  0  
0  0  0  0  0  0  0  0  0  0  0  0  0  0  0  0  0  0  0  0  0  0  0  0  
0  0  0  0  0  0  0  0  0  0  0  0  0  0  0  0  0  0  0  0  0  0  0  0  
0  0  0  0  0  0  0  0  0  0  0  0  0  0  0  0  0  0  0  0  0  0  0  0  
0  0  0  0  0  0  0  0  0  0  0  0  0  0  0  0  0  0  0  0  0  0  0  0  
0  0  0  0  0  0  0  0  0  0  0  0  0  0  0  0  0  0  0  0  0  0  0  0  
0  0  0  0  0  0  0  0  0  0  0  0  0  0  0  0  0  0  0  0  0  0  0  0  
0  0  0  0  0  0  0  0  0  0  0  0  0  0  0  0  0  0  0  0  0  0  0  0 

0  0  0  0  0  0  0  0  0  0  0  0  0  0  0  0  0  0  0  0  0  0  0  0  
0  0  0  0  0  0  0  0  0  0  0  0  0  0  0  0  0  0  0  0  0  0  0  0   
0  0  0  0  0  0  0  0  0  0  0  0  0  0  0  0  0  0  0  0  0  0  0  0  
0  0  0  0  0  0  0  0  0  0  0  0  0  0  0  0  0  0  0  0  0  0  0  0  
0  0  0  0  0  0  0  0  0  0  0  0  0  0  0  0  0  0  0  0  0  0  0  0  
0  0  0  0  0  0  0  0  0  0  0  0  0  0  0  0  0  0  0  0  0  0  0  0  
0  0  0  0  0  0  0  0  0  0  0  0  0  0  0  0  0  0  0  0  0  0  0  0  
0  0  0  0  0  0  0  0  0  0  0  0  0  0  0  0  0  0  0  0  0  0  0  0 





0  0  0  0  0  0  0  0  0  0  0  0  0  0  0  0  0  0  0  0  0  0  0  0  
0  0  0  0  0  0  0  0  0  0  0  0  0  0  0  0  0  0  0  0  0  0  0  0  
0  0  0  0  0  0  0  0  0  0  0  0  0  0  0  0  0  0  0  0  0  0  0  0  
0  0  0  0  0  0  0  0  0  0  0  0  0  0  0  0  0  0  0  0  0  0  0  0  
0  0  0  0  0  0  0  0  0  0  0  0  0  0  0  0  0  0  0  0  0  0  0  0  
0  0  0  0  0  0  0  0  0  0  0  0  0  0  0  0  0  0  0  0  0  0  0  0  
0  0  0  0  0  0  0  0  0  0  0  0  0  0  0  0  0  0  0  0  0  0  0  0  
0  0  0  0  0  0  0  0  0  0  0  0  0  0  0  0  0  0  0  0  0  0  0  0 

0  0  0  0  0  0  0  0  0  0  0  0  0  0  0  0  0  0  0  0  0  0  0  0  
0  0  0  0  0  0  0  0  0  0  0  0  0  0  0  0  0  0  0  0  0  0  0  0  
0  0  0  0  0  0  0  0  0  0  0  0  0  0  0  0  0  0  0  0  0  0  0  0  
0  0  0  0  0  0  0  0  0  0  0  0  0  0  0  0  0  0  0  0  0  0  0  0  
0  0  0  0  0  0  0  0  0  0  0  0  0  0  0  0  0  0  0  0  0  0  0  0  
0  0  0  0  0  0  0  0  0  0  0  0  0  0  0  0  0  0  0  0  0  0  0  0  
0  0  0  0  0  0  0  0  0  0  0  0  0  0  0  0  0  0  0  0  0  0  0  0  
0  0  0  0  0  0  0  0  0  0  0  0  0  0  0  0  0  0  0  0  0  0  0  0 

0  0  0  0  0  0  0  0  0  0  0  0  0  0  0  0  0  0  0  0  0  0  0  0  
0  0  0  0  0  0  0  0  0  0  0  0  0  0  0  0  0  0  0  0  0  0  0  0   
0  0  0  0  0  0  0  0  0  0  0  0  0  0  0  0  0  0  0  0  0  0  0  0  
0  0  0  0  0  0  0  0  0  0  0  0  0  0  0  0  0  0  0  0  0  0  0  0  
0  0  0  0  0  0  0  0  0  0  0  0  0  0  0  0  0  0  0  0  0  0  0  0  
0  0  0  0  0  0  0  0  0  0  0  0  0  0  0  0  0  0  0  0  0  0  0  0  
0  0  0  0  0  0  0  0  0  0  0  0  0  0  0  0  0  0  0  0  0  0  0  0  
0  0  0  0  0  0  0  0  0  0  0  0  0  0  0  0  0  0  0  0  0  0  0  0 

4	9	9  19 2
4	9	20 11 2