24 24 6 0

0  0  0  0  0  0  0  0  0  0  0  0  0  0  0  0  0  0  0  0  0  0  0  0  
0  0  0  0  0  0  0  0  0  0  0  0  0  0  0  0  0  0  0  0  0  0  0  0  
0  0  0  0  0  0  0  0  0  0  0  0  0  0  0  0  0  0  0  0  0  0  0  0  
0  0  0  0  0  0  0  0  0  0  0  0  0  0  0  0  0  0  0  0  0  0  0  0  
0  0  0  0  0  0  0  0  0  0  0  0  0  0  0  0  0  0  0  0  0  0  0  0  
0  0  0  0  0  0  0  0  0  0  0  0  0  0  0  0  0  0  0  0  0  0  0  0  
0  0  0  0  0  14 16 0  0  0  0  0  0  0  0  0  0  0  0  0  0  0  0  0  
0  0  0  0  0  0  0  0  0  0  0  0  0  0  0  0  0  0  0  0  0  0  0  0  

0  0  0  0  0  0  0  0  0  0  0  0  0  0  0  0  0  0  0  0  0  0  0  0  
0  0  0  0  0  0  0  0  0  0  0  15 0  0  0  0  0  0  0  0  0  0  0  0  
0  0  0  0  0  0  0  0  15 15 16 0  14 0  0  0  0  0  0  0  0  0  0  0  
0  0  0  0  0  0  0  16 0  0  0  0  0  0  0  0  0  16 0  0  0  0  0  0  
0  0  0  0  0  0  0  0  0  0  0  0  0  0  0  0  0  0  0  0  0  0  0  0  
0  0  0  0  0  0  0  0  0  14 16 0  0  0  0  0  0  0  14 0  0  0  0  0  
0  0  0  15 0  0  0  0  0  0  0  0  0  0  0  0  16 0  0  14 15 15 15 0  
15 0  0  0  14 15 0  0  0  0  0  0  0  0  0  0  0  0  0  0  0  0  0  14 

0  14 16 0  0  0  14 0  0  0  0  0  0  0  0  16 0  0  0  0  0  0  0  0  
0  0  0  0  0  0  0  0  0  0  0  0  0  15 16 0  0  0  0  0  0  0  0  0  
0  0  0  0  0  0  0  0  15 0  0  0  0  0  0  0  0  0  14 0  0  0  0  0  
0  0  0  0  0  0  0  0  0  14 0  0  0  0  0  0  0  0  0  14 16 0  0  0  
0  14 16 0  0  0  0  0  0  0  0  0  0  0  0  0  0  0  0  0  0  0  0  0  
0  0  0  0  14 15 0  0  0  0  0  15 0  0  0  0  0  0  0  0  0  0  0  0  
0  0  0  0  0  0  14 15 15 0  0  0  14 0  0  0  0  0  0  0  0  0  0  0  
0  0  0  0  0  0  0  0  0  14 0  0  0  14 15 16 0  0  0  0  0  0  0  0 





0  0  0  0  0  0  0  0  0  0  0  0  0  0  0  0  0  0  0  0  0  0  0  0  
0  0  0  0  0  0  0  0  0  0  0  0  0  0  0  0  0  0  0  0  0  0  0  0  
0  0  0  0  0  0  0  0  0  0  0  0  0  0  0  0  0  0  0  0  0  0  0  0  
0  0  0  0  0  0  0  0  0  0  0  0  0  0  0  0  0  0  0  0  0  0  0  0  
0  0  0  0  0  0  0  0  0  0  0  0  0  0  0  0  0  0  0  0  0  0  0  0  
0  0  0  0  0  14 16 0  0  0  0  0  0  0  0  0  0  0  0  0  0  0  0  0  
0  0  0  0  0  0  0  0  0  0  0  0  0  0  0  0  0  0  0  0  0  0  0  0  
0  0  0  0  0  0  0  0  0  0  0  0  0  0  0  0  0  0  0  0  0  0  0  0  

0  0  0  0  0  0  0  0  0  0  0  15 0  0  0  0  0  0  0  0  0  0  0  0  
0  0  0  0  0  0  0  0  15 15 16 0  14 0  0  0  0  0  0  0  0  0  0  0  
0  0  0  0  0  0  0  16 0  0  0  0  0  0  0  0  0  16 0  0  0  0  0  0  
0  0  0  0  0  0  0  0  0  0  0  0  0  0  0  0  0  0  0  0  0  0  0  0  
0  0  0  0  0  0  0  0  0  14 16 0  0  0  0  0  0  0  14 0  0  0  0  0  
0  0  0  15 0  0  0  0  0  0  0  0  0  0  0  0  16 0  0  14 15 15 15 0  
15 0  0  0  14 15 0  0  0  0  0  0  0  0  0  0  0  0  0  0  0  0  0  14 
0  14 16 0  0  0  14 0  0  0  0  0  0  0  0  16 0  0  0  0  0  0  0  0 
 
0  0  0  0  0  0  0  0  0  0  0  0  0  15 16 0  0  0  0  0  0  0  0  0  
0  0  0  0  0  0  0  0  15 0  0  0  0  0  0  0  0  0  14 0  0  0  0  0  
0  0  0  0  0  0  0  0  0  14 0  0  0  0  0  0  0  0  0  14 16 0  0  0  
0  14 16 0  0  0  0  0  0  0  0  0  0  0  0  0  0  0  0  0  0  0  0  0  
0  0  0  0  14 15 0  0  0  0  0  15 0  0  0  0  0  0  0  0  0  0  0  0  
0  0  0  0  0  0  14 15 15 0  0  0  14 0  0  0  0  0  0  0  0  0  0  0  
0  0  0  0  0  0  0  0  0  14 0  0  0  14 15 16 0  0  0  0  0  0  0  0 
0  0  0  0  0  0  0  0  0  0  0  0  0  0  0  0  0  0  0  0  0  0  0  0  






0  0  0  0  0  0  0  0  0  0  0  0  0  0  0  0  0  0  0  0  0  0  0  0  
0  0  0  0  0  0  0  0  0  0  0  0  0  0  0  0  0  0  0  0  0  0  0  0  
0  0  0  0  0  0  0  0  0  0  0  0  0  0  0  0  0  0  0  0  0  0  0  0  
0  0  0  0  0  1  3  0  0  0  0  0  0  0  0  0  0  0  0  0  0  0  0  0  
0  0  1  3  0  11 13 0  0  0  0  1  2  2  2  3  0  0  0  0  0  0  0  0  
0  0  6  5  3  0  0  0  0  0  1  4  7  7  7  5  3  0  0  0  0  0  0  0  
0  0  6  7  5  2  3  0  1  2  4  7  7  7  7  7  8  0  0  0  0  0  0  0  
0  0  6  7  7  7  5  2  4  7  10 12 9  7  7  7  21 0  0  0  0  0  0  0  

0  0  6  7  7  7  21 23 12 12 13 0  11 9  7  21 24 0  0  0  0  0  0  0  
0  1  4  7  7  7  17 16 0  0  0  0  0  6  7  17 18 16 0  0  0  0  0  0  
2  4  7  7  7  7  8  0  0  1  3  0  1  4  7  7  8  0  1  2  3  0  1  2  
7  7  7  7  7  7  8  0  0  11 13 0  6  7  7  7  8  0  11 9  5  2  4  7  
7  7  10 12 9  7  5  2  3  0  0  1  4  7  7  10 13 0  0  11 12 12 12 9  
12 9  8  0  11 12 9  7  5  2  2  4  7  7  7  8  0  0  0  0  0  0  0  11 
0  11 13 0  0  0  11 9  7  7  7  7  7  7  10 13 0  0  0  0  0  0  0  0 
0  0  0  0  1  3  1  4  7  7  7  7  10 12 13 0  0  0  1  2  3  0  0  0  

0  0  0  0  6  5  4  10 12 9  7  7  8  0  0  0  0  0  11 9  8  0  0  0  
0  1  3  0  21 23 7  8  0  11 9  7  5  2  3  0  0  0  0  11 13 0  0  0  
0  11 13 0  24 24 23 5  3  1  4  7  7  7  5  3  0  0  0  0  0  0  0  0  
0  0  0  0  14 15 19 7  5  4  10 12 9  7  7  8  0  0  0  0  0  0  0  0  
0  0  0  0  0  0  11 12 12 9  8  0  11 9  7  8  0  0  0  0  0  0  0  0  
0  0  0  0  0  0  0  0  0  11 5  3  0  11 12 13 0  0  0  0  0  0  0  0 
0  0  0  0  0  0  0  0  0  0  6  5  3  0  0  0  0  0  0  0  0  0  0  0  
0  0  0  0  0  0  0  0  0  0  6  7  5  3  0  0  0  0  0  0  0  0  0  0  





0  0  0  0  0  0  0  0  0  0  0  0  0  0  0  0  0  0  0  0  0  0  0  0  
0  0  0  0  0  0  0  0  0  0  0  0  0  0  0  0  0  0  0  0  0  0  0  0  
0  0  0  0  0  0  0  0  0  0  0  0  0  0  0  0  0  0  0  0  0  0  0  0  
0  0  0  0  0  0  0  0  0  0  0  0  0  0  0  0  0  0  0  0  0  0  0  0  
0  0  0  0  0  0  0  0  0  0  0  0  0  0  0  0  0  0  0  0  0  0  0  0  
0  0  0  0  0  0  0  0  0  0  0  0  0  0  0  0  0  0  0  0  0  0  0  0  
0  0  0  0  0  0  0  0  0  0  0  0  0  0  0  0  1  3  0  0  0  0  0  0  
0  0  0  0  0  0  1  3  0  0  0  0  0  0  0  1  4  8  0  0  0  0  0  0 

0  0  0  0  0  0  11 13 0  0  0  0  0  0  0  11 12 13 0  0  0  0  0  0  
0  0  0  0  0  0  0  0  0  0  0  0  0  0  0  0  0  0  0  0  0  0  0  0  
0  0  0  0  0  0  0  0  0  0  0  0  0  0  0  0  0  0  0  0  0  0  0  0  
0  0  0  0  0  0  0  0  0  0  0  0  0  0  0  0  0  0  0  0  0  0  0  0  
0  0  0  0  0  0  0  0  0  0  0  0  0  0  0  0  0  0  0  0  0  0  0  0  
0  0  0  0  0  0  0  0  0  0  0  0  0  0  0  0  0  0  0  0  0  0  0  0  
0  0  0  0  0  0  0  0  0  0  0  0  0  0  0  0  0  0  0  0  0  0  0  0  
0  0  0  0  0  0  0  0  0  0  0  0  0  0  0  0  0  0  0  0  0  0  0  0 

0  0  0  0  1  3  0  0  0  0  0  0  0  0  0  0  0  0  0  0  0  0  0  0  
0  0  0  0  6  5  3  0  0  0  0  0  0  0  0  0  0  0  0  0  0  0  0  0   
0  0  0  0  11 12 13 0  0  0  0  0  0  0  0  0  0  0  0  0  0  0  0  0  
0  0  0  0  0  0  0  0  0  0  0  0  0  0  0  0  0  0  0  0  0  0  0  0  
0  0  0  0  0  0  0  0  0  0  0  0  0  0  0  0  0  0  0  0  0  0  0  0  
0  0  0  0  0  0  0  0  0  0  0  0  0  0  0  0  0  0  0  0  0  0  0  0  
0  0  0  0  0  0  0  0  0  0  0  0  0  0  0  0  0  0  0  0  0  0  0  0  
0  0  0  0  0  0  0  0  0  0  0  0  0  0  0  0  0  0  0  0  0  0  0  0 





0  0  0  0  0  0  0  0  0  0  0  0  0  0  0  0  0  0  0  0  0  0  0  0  
0  0  0  0  0  0  0  0  0  0  0  0  0  0  0  0  0  0  0  0  0  0  0  0  
0  0  0  0  0  0  0  0  0  0  0  0  0  0  0  0  0  0  0  0  0  0  0  0  
0  0  0  0  0  0  0  0  0  0  0  0  0  0  0  0  0  0  0  0  0  0  0  0  
0  0  0  0  0  0  0  0  0  0  0  0  0  0  0  0  0  0  0  0  0  0  0  0  
0  0  0  0  0  0  0  0  0  0  0  0  0  0  0  0  0  0  0  0  0  0  0  0  
0  0  0  0  0  0  0  0  0  0  0  0  0  0  0  0  0  0  0  0  0  0  0  0  
0  0  0  0  0  0  0  0  0  0  0  0  0  0  0  0  0  0  0  0  0  0  0  0 

0  0  0  0  0  0  0  0  0  0  0  0  0  0  0  0  0  0  0  0  0  0  0  0  
0  0  0  0  0  0  0  0  0  0  0  0  0  0  0  0  0  0  0  0  0  0  0  0  
0  0  0  0  0  0  0  0  0  0  0  0  0  0  0  0  0  0  0  0  0  0  0  0  
0  0  0  0  0  0  0  0  0  0  0  0  0  0  0  0  0  0  0  0  0  0  0  0  
0  0  0  0  0  0  0  0  0  0  0  0  0  0  0  0  0  0  0  0  0  0  0  0  
0  0  0  0  0  0  0  0  0  0  0  0  0  0  0  0  0  0  0  0  0  0  0  0  
0  0  0  0  0  0  0  0  0  0  0  0  0  0  0  0  0  0  0  0  0  0  0  0  
0  0  0  0  0  0  0  0  0  0  0  0  0  0  0  0  0  0  0  0  0  0  0  0 

0  0  0  0  0  0  0  0  0  0  0  0  0  0  0  0  0  0  0  0  0  0  0  0  
0  0  0  0  0  0  0  0  0  0  0  0  0  0  0  0  0  0  0  0  0  0  0  0   
0  0  0  0  0  0  0  0  0  0  0  0  0  0  0  0  0  0  0  0  0  0  0  0  
0  0  0  0  0  0  0  0  0  0  0  0  0  0  0  0  0  0  0  0  0  0  0  0  
0  0  0  0  0  0  0  0  0  0  0  0  0  0  0  0  0  0  0  0  0  0  0  0  
0  0  0  0  0  0  0  0  0  0  0  0  0  0  0  0  0  0  0  0  0  0  0  0  
0  0  0  0  0  0  0  0  0  0  0  0  0  0  0  0  0  0  0  0  0  0  0  0  
0  0  0  0  0  0  0  0  0  0  0  0  0  0  0  0  0  0  0  0  0  0  0  0 





0  0  0  0  0  0  0  0  0  0  0  0  0  0  0  0  0  0  0  0  0  0  0  0  
0  0  0  0  0  0  0  0  0  0  0  0  0  0  0  0  0  0  0  0  0  0  0  0  
0  0  0  0  0  0  0  0  0  0  0  0  0  0  0  0  0  0  0  0  0  0  0  0  
0  0  0  0  0  0  0  0  0  0  0  0  0  0  0  0  0  0  0  0  0  0  0  0  
0  0  0  0  0  0  0  0  0  0  0  0  0  0  0  0  0  0  0  0  0  0  0  0  
0  0  0  0  0  0  0  0  0  0  0  0  0  0  0  0  0  0  0  0  0  0  0  0  
0  0  0  0  0  0  0  0  0  0  0  0  0  0  0  0  0  0  0  0  0  0  0  0  
0  0  0  0  0  0  0  0  0  0  0  0  0  0  0  0  0  0  0  0  0  0  0  0 

0  0  0  0  0  0  0  0  0  0  0  0  0  0  0  0  0  0  0  0  0  0  0  0  
0  0  0  0  0  0  0  0  0  0  0  0  0  0  0  0  0  0  0  0  0  0  0  0  
0  0  0  0  0  0  0  0  0  0  0  0  0  0  0  0  0  0  0  0  0  0  0  0  
0  0  0  0  0  0  0  0  0  0  0  0  0  0  0  0  0  0  0  0  0  0  0  0  
0  0  0  0  0  0  0  0  0  0  0  0  0  0  0  0  0  0  0  0  0  0  0  0  
0  0  0  0  0  0  0  0  0  0  0  0  0  0  0  0  0  0  0  0  0  0  0  0  
0  0  0  0  0  0  0  0  0  0  0  0  0  0  0  0  0  0  0  0  0  0  0  0  
0  0  0  0  0  0  0  0  0  0  0  0  0  0  0  0  0  0  0  0  0  0  0  0 

0  0  0  0  0  0  0  0  0  0  0  0  0  0  0  0  0  0  0  0  0  0  0  0  
0  0  0  0  0  0  0  0  0  0  0  0  0  0  0  0  0  0  0  0  0  0  0  0   
0  0  0  0  0  0  0  0  0  0  0  0  0  0  0  0  0  0  0  0  0  0  0  0  
0  0  0  0  0  0  0  0  0  0  0  0  0  0  0  0  0  0  0  0  0  0  0  0  
0  0  0  0  0  0  0  0  0  0  0  0  0  0  0  0  0  0  0  0  0  0  0  0  
0  0  0  0  0  0  0  0  0  0  0  0  0  0  0  0  0  0  0  0  0  0  0  0  
0  0  0  0  0  0  0  0  0  0  0  0  0  0  0  0  0  0  0  0  0  0  0  0  
0  0  0  0  0  0  0  0  0  0  0  0  0  0  0  0  0  0  0  0  0  0  0  0 